100
7434 2124
4944 2237
1182 13
746 459
9792 4138
7 5
5184 890
9312 7078
97 7
480 422
2448 211
6715 2421
10 7
4995 1000
35 15
275 4
1295 49
10 3
1156 930
10 9
9 4
822 507
6 3
5524 4162
515 426
1345 260
29 900
6143 2033
537 237
636 353
1226 288
398 133
2971 488
7194 4494
652 1086
4996 1000
7024 4742
1868 515
2285 984
10 5
2749 866
5 5
445 294
254 401
917 286
56 33
129 536
758 483
664 1635
1583 232
5114 3964
330 986
5 3
5594 2942
5354 4520
1445 822
6313 4131
9351 634
1925 400
2024 963
7 6
2872 924
1657 2285
1705 1482
5833 700
2926 1896
5 4
6 5
9 5
2708 677
4542 1041
8 3
6784 5660
5 3
105 25
498 137
2006 35
685 54
6 6
1483 902
1396 728
4994 1000
6 3
9111 336
2269 290
9590 168
9 7
1223 202
2516 2505
224 317
1945 1409
6 5
4102 889
799 707
9 4
2169 726
205 85
1875 628
6243 5510
3862 911
