300
68165 58350 24568 76685 73889
98166 96979 84099 99701 91354
6 8 9 9 7
8 9 8 6 1
99386 99565 94797 98944 99967
1 6 5 6 1
8 8 5 6 5
5 9 7 6 8
99539 85420 82680 94780 32898
4 4 6 5 2
83908 99357 99709 99571 90248
76587 19419 13361 91183 98235
99990 99612 98883 94156 92926
8 8 1 9 8
94621 85621 95157 52635 99032
8 7 2 9 8
12345 76543 99998 99999 99998
92777 95984 99313 98974 98341
9 9 6 8 9
8 9 9 9 9
3 5 7 6 8
9 4 4 6 7
2 1 2 2 1
8 6 5 6 6
9 8 9 9 8
96566 99972 90236 97095 65952
8 8 8 8 8
8 9 1 7 7
1 1 2 2 2
1 2 1 2 2
2 2 2 2 1
97788 87690 88863 93458 93458
8 9 8 8 8
6 53705 79356 86169 84695
2 2 1 1 2
6 9 4 9 6
70600 56909 20782 95074 32888
2 4 9 2 3
94081 96988 91177 98863 89302
1 5 7 7 6
7 1 9 9 8
9 8 9 9 9
1 4 6 5 8
9 9 7 5 8
9 8 9 8 8
8 8 8 8 9
87467 99354 99534 99834 96320
89039 94973 98442 95537 87986
8 8 8 9 8
8 9 3 5 7
93946 97191 98064 98899 90827
73471 40335 46485 21113 91135
9 8 8 8 8
6 9 5 7 5
2 2 1 2 1
5 93498 83256 96393 2566
5 9 7 7 7
7 6 7 8 8
9 9 7 9 4
9 9 9 9 8
9 8 8 9 9
8 7 6 9 8
4 4 9 8 7
9 2 1 4 9
9 3 7 6 6
94860 83602 99096 94623 94158
79587 90132 96906 97241 98397
1 9 7 2 7
7 6 7 9 7
8 9 9 9 8
1 7 5 7 6
3 7 7 4 8
8 8 1 8 7
96844 83016 99006 97221 98056
94805 65583 61902 36968 75950
7 4 1 6 1
76584 60285 91454 41119 48104
78956 93004 98430 93748 92215
2 1 1 1 2
91647 96625 90422 98671 91144
1 7 1 90584 98330
8 9 3 7 5
92104 88549 95557 93939 98554
92047 93008 97489 97912 81881
1 1 1 2 1
2 2 1 2 2
94467 92261 99722 81785 77332
3 80882 55499 30019 83898
2 1 2 2 2
8 63192 63798 69915 25534
2 1 2 1 1
8 9 4 4 7
6 4 7 3 9
8 7 9 7 7
8 9 2 7 8
99999 99999 99999 99999 99999
98276 94157 99525 97724 93809
9 9 9 9 7
1 2 2 2 1
4 9 7 9 7
99356 98089 93040 95848 99398
9 9 8 6 9
1 1 1 1 1
95532 90752 97541 92793 99175
7 8 4 7 8
58734 57362 39845 73259 16183
76823 80665 82710 73256 42717
7 8 4 9 6
1 1 2 1 1
9 5 5 6 6
20402 36487 42349 64671 70537
47495 52586 16756 7802 93884
99997 99994 99994 99997 99999
9 9 9 4 7
8 6 9 8 8
8 8 3 7 8
60704 91529 47554 49014 31328
1 3 9 3 7
97113 97762 98378 94908 89780
5 3 9 9 8
99998 99998 99998 99999 99998
6 8 9 8 8
6 2 9 8 7
95224 2969 68626 2931 48843
4 5 8 2 4
9 9 7 6 7
29834 614 95024 85304 64677
9 9 9 7 4
57610 8720 87983 18104 68532
8 8 5 4 7
8 3 3 6 3
92187 88558 87371 94248 91483
6 4 8 9 5
1 1 1 2 2
6 9 2 9 8
5 1 3 9 6
8 9 4 6 5
4 9 8 9 8
7 7 9 6 7
2 8 7 3 9
8 9 8 9 9
90776 91957 57997 57673 45834
8 9 9 4 4
8 8 9 6 1
2 1 1 2 1
1 2 1 1 1
8 1 1 7 1
7 7 9 5 8
8 9 1 9 5
2 1 2 1 2
4 9 7 8 8
87878 96477 70736 99388 84474
7 9 3 7 8
2 2 2 1 2
9 3 6 1 3
7 7 9 9 7
2 1 1 1 1
93481 46320 86792 18021 54283
1 1 2 2 1
2 4 7 3 7
83212 95085 98968 94384 94384
97524 94327 95767 91855 98590
1 2 2 1 1
8 8 3 9 6
7 7 6 8 8
1 62871 81633 76722 46442
4 8 6 1 9
92910 93593 95724 98329 89503
4 1 8 8 6
9 9 8 9 9
83399 98470 98205 92031 93716
7 7 9 8 8
1 2 1 1 2
8 9 3 9 3
2 4 6 3 8
8 6 9 9 7
6 3 9 7 6
8 9 8 2 5
88283 98893 89275 76980 93118
91811 99860 99161 99559 94026
8 8 9 8 9
8 7 4 9 6
6 3 8 1 1
5 9 1 6 6
9 8 8 9 8
3 2 1 9 4
6 9 4 7 8
8 8 9 8 8
9 1 2 5 7
8 9 9 8 8
8 9 8 9 8
96346 99569 94239 97141 91138
5 9 9 9 3
9 9 9 8 9
99446 99773 92003 99300 91231
9 9 6 6 8
2 2 9 3 7
94059 95716 85297 92140 84611
5 9 9 5 7
99997 99999 99999 99997 99998
44540 13440 16764 67113 25460
74617 90883 87389 94173 97225
3 5 1 1 1
98477 93637 98138 98608 98729
91973 99824 88704 98024 70892
3 8 3 8 2
9 9 6 7 7
7 9 1 9 8
4 5 4 6 6
9 9 9 9 2
8 7 4 7 8
99623 95966 94599 99396 97797
8 9 8 8 9
99463 98006 91323 98027 99720
91286 95009 9509 54027 15470
4 2 7 3 7
3 6 2 1 7
5 1 2 1 2438
79778 91807 96254 83632 65300
99107 98926 95625 99106 92373
9 9 5 9 9
1 5 7 3 7
8 5 8 9 8
4 56997 65057 88007 80648
3 7 7 3 9
96028 99234 96740 92795 81192
60034 50697 50301 72014 47588
1 2 1 2 1
9 8 8 8 9
95291 99795 88292 81462 90499
98636 98544 99749 94877 89183
8 8 9 9 8
3 9 7 6 6
9 9 8 9 8
79681 86519 91530 96508 87475
1 2 2 2 2
3 3 6 2 2
99108 99108 98307 97633 94957
6 2 5 7 6
1 1 2 1 2
1 6 9 8 5
64061 99450 92765 95943 97068
73560 95900 91839 92836 97196
97029 98556 99250 91687 91751
2 8 7 4 8
85791 93964 15425 75793 19084
8 9 4 8 3
9 8 9 8 9
2 1 1 2 2
1 2 2 1 2
5 6 3 4 9
94427 92138 80690 96485 98237
99529 82452 92678 87924 97040
98577 92231 89924 94447 89882
97396 93155 90401 96144 93417
9 9 9 8 8
7 9 3 9 6
8 9 8 4 3
9 9 8 8 8
29840 95394 98231 71853 68195
9 9 8 8 9
9 1 7 2 3
9 9 9 3 8
93979 93054 99386 99428 96186
9 4 5 9 2
9 9 9 9 9
2 2 2 1 1
1 1 1 1 2
97746 99051 93976 96627 97659
9 6 5 6 1
8 4 7 6 6
1 5 3 5 5
7 7 6 9 7
8 84734 96955 77640 71920
6 2 9 9 8
5 9 9 4 8
3 3 3 7 8
9 9 8 9 6
8 8 9 9 9
8 7 9 6 8
2 8 6 8 1
8 8 5 8 3
7 8 2 9 8
39302 72233 69087 69033 87016
8 9 2 9 6
79128 52042 14714 86657 45327
99998 99996 99996 99998 99998
8 9 9 2 6
2 2 2 2 2
2 2 1 1 1
6 4 7 4 8
75124 92334 80809 98939 97135
95362 95362 88524 99720 99933
2 7 4 7 1
94087 95748 88669 93702 90423
4 6 9 5 6
87478 87855 96031 94700 99547
1 5 81297 92231 73007
8 9 9 8 9
8 8 8 9 9
